kinematics:
  shoulder:
    x: 0
    y: 0
    z: 0.16284141695298721
    roll: -0
    pitch: 0
    yaw: -3.1251147697419768e-08
  upper_arm:
    x: 0.00019258526717998975
    y: 0
    z: 0
    roll: 1.5710173974043722
    pitch: 0
    yaw: 1.0477845979968289e-06
  forearm:
    x: -0.42512627045876189
    y: 0
    z: 0
    roll: 0.00046144138691631587
    pitch: -0.00060213593877716457
    yaw: 9.6417793121194573e-08
  wrist_1:
    x: -0.39295687225070186
    y: 2.6457300412407623e-06
    z: 0.13293904603298975
    roll: 3.1415727517617009
    pitch: -3.1386474362412611
    yaw: -3.141589687633894
  wrist_2:
    x: 4.2666994908404428e-05
    y: -0.099769329588157166
    z: 6.3605868793375022e-05
    roll: 1.5701587976019218
    pitch: 0
    yaw: 5.9362247119883898e-07
  wrist_3:
    x: 2.2094970075766337e-05
    y: 0.099588962375379592
    z: 5.7609034644993326e-05
    roll: 1.5713747947982284
    pitch: 3.1415926535897931
    yaw: -3.1415926518198294
  hash: calib_3778954368606168182