kinematics:
  shoulder:
    x: 0
    y: 0
    z: 0.1628414169529872
    roll: -0
    pitch: 0
    yaw: -3.125114769741977e-08
  upper_arm:
    x: 0.0001925852671799897
    y: 0
    z: 0
    roll: 1.571017397404372
    pitch: 0
    yaw: 1.04778459799535e-06
  forearm:
    x: -0.4251262704587619
    y: 0
    z: 0
    roll: 0.0004614413869163158
    pitch: -0.0006021359387771647
    yaw: 9.641779261004153e-08
  wrist_1:
    x: -0.3929568722507019
    y: 2.645730041240667e-06
    z: 0.1329390460329898
    roll: 3.141572751761701
    pitch: -3.138647436241261
    yaw: -3.141589687633894
  wrist_2:
    x: 4.266699490840443e-05
    y: -0.09976932958815717
    z: 6.360586879337502e-05
    roll: 1.570158797601922
    pitch: 0
    yaw: 5.93622471198839e-07
  wrist_3:
    x: 2.209497007576634e-05
    y: 0.09958896237537959
    z: 5.760903464499333e-05
    roll: 1.571374794798228
    pitch: 3.141592653589793
    yaw: -3.141592651819829
  hash: calib_3778954368606168182