Webots Project File version R2025a
perspectives: 000000ff00000000fd00000002000000010000011c00000452fc0200000001fb0000001400540065007800740045006400690074006f00720100000017000004520000003f00ffffff00000003000009be000000d9fc0100000001fb0000001a0043006f006e0073006f006c00650041006c006c0041006c006c0100000000000009be0000006900ffffff000008a00000045200000001000000020000000100000008fc00000000
simulationViewPerspectives: 000000ff000000010000000200000100000007a00100000002010000000100
sceneTreePerspectives: 000000ff00000001000000030000001d00000415000000fa0100000002010000000200
maximizedDockId: -1
centralWidgetVisible: 1
orthographicViewHeight: 1
textFiles: -1
consoles: Console:All:All
renderingDevicePerspectives: ur5e:realsense:realsense_depth;0;0.598437;0;0
renderingDevicePerspectives: ur5e:realsense:realsense_rgb;1;0.578125;0;0
